54933 20170101  2.422  -99.13   45.71    -6.9   -10.5    -8.7    -8.1     0.3     3.91 C    -5.7   -13.6    -8.8    89.8    77.5    83.3 -99.000 -99.000 -99.000   0.131   0.207    -1.3    -0.8     0.0     1.3     3.2
54933 20170102  2.422  -99.13   45.71    -9.0   -17.3   -13.2   -10.4     4.2     1.95 C    -8.3   -19.1   -10.2    90.8    80.0    87.4 -99.000 -99.000 -99.000   0.131   0.206    -1.4    -1.0    -0.1     1.2     3.2
54933 20170103  2.422  -99.13   45.71   -16.5   -25.3   -20.9   -20.8     0.0     6.98 C   -17.5   -26.6   -21.2    79.5    74.4    76.7 -99.000 -99.000 -99.000   0.131   0.207    -1.6    -1.1    -0.2     1.2     3.1
54933 20170104  2.422  -99.13   45.71   -21.3   -27.9   -24.6   -24.7     0.0     6.66 C   -19.2   -29.0   -25.3    79.5    75.0    77.0 -99.000 -99.000 -99.000   0.130   0.205    -2.4    -1.6    -0.4     1.0     3.1
54933 20170105  2.422  -99.13   45.71   -21.0   -27.1   -24.1   -24.0     0.0     6.99 C   -19.5   -29.5   -24.8    78.9    74.3    76.4 -99.000 -99.000 -99.000   0.130   0.205    -3.0    -2.2    -0.9     0.9     3.0
54933 20170106  2.422  -99.13   45.71   -15.1   -25.6   -20.4   -18.8     0.5     5.08 C   -12.8   -28.2   -20.1    83.9    76.0    79.5 -99.000 -99.000 -99.000   0.133   0.206    -3.2    -2.5    -1.2     0.7     2.9
54933 20170107  2.422  -99.13   45.71   -21.2   -27.7   -24.4   -24.4     0.0     7.42 C   -20.0   -29.2   -25.5    79.8    73.5    76.5 -99.000 -99.000 -99.000   0.126   0.206    -3.5    -2.8    -1.5     0.4     2.7
54933 20170108  2.422  -99.13   45.71   -10.0   -23.6   -16.8   -17.7     0.3     4.14 C    -9.0   -25.2   -18.2    87.7    75.6    81.0 -99.000 -99.000 -99.000   0.124   0.205    -3.8    -3.1    -1.8     0.2     2.6
54933 20170109  2.422  -99.13   45.71   -14.0   -19.4   -16.7   -17.0     2.4     3.98 C   -13.2   -20.0   -16.2    85.5    76.3    82.1 -99.000 -99.000 -99.000 -99.000   0.205    -3.9    -3.2    -2.0    -0.1     2.4
54933 20170110  2.422  -99.13   45.71   -13.2   -19.0   -16.1   -15.8     3.6     7.22 C   -12.4   -20.5   -15.5    84.9    67.3    77.5 -99.000 -99.000 -99.000 -99.000   0.205    -3.7    -3.2    -2.1    -0.2     2.3
54933 20170111  2.422  -99.13   45.71   -17.4   -22.3   -19.8   -18.7     0.5     6.80 C   -14.4   -24.7   -18.2    79.2    72.3    75.6 -99.000 -99.000 -99.000 -99.000   0.204    -3.9    -3.4    -2.3    -0.4     2.1
54933 20170112  2.422  -99.13   45.71   -18.3   -26.5   -22.4   -21.8     0.0     8.13 C   -18.7   -29.0   -23.1    76.4    60.2    69.2 -99.000 -99.000 -99.000 -99.000   0.205    -4.4    -3.7    -2.5    -0.5     2.0
54933 20170113  2.422  -99.13   45.71   -12.3   -26.9   -19.6   -18.6     0.0     6.60 C   -14.0   -28.3   -19.1    82.1    64.6    76.3 -99.000 -99.000 -99.000 -99.000   0.204    -4.9    -4.2    -2.9    -0.7     1.8
54933 20170114  2.422  -99.13   45.71   -10.7   -19.8   -15.2   -15.5     0.0     8.44 C    -7.9   -21.9   -17.0    83.4    61.1    76.2 -99.000 -99.000 -99.000 -99.000   0.203    -4.9    -4.3    -3.1    -0.9     1.7
54933 20170115  2.422  -99.13   45.71    -7.4   -16.9   -12.1   -11.9     0.0     8.32 C    -5.9   -19.4   -14.9    84.4    61.4    74.9 -99.000 -99.000 -99.000 -99.000   0.207    -4.8    -4.3    -3.1    -1.1     1.5
54933 20170116  2.422  -99.13   45.71    -9.9   -15.9   -12.9   -13.1     0.0     8.20 C    -8.2   -18.0   -14.7    85.9    74.7    79.7 -99.000 -99.000 -99.000 -99.000   0.219    -4.7    -4.3    -3.2    -1.2     1.4
54933 20170117  2.422  -99.13   45.71    -2.5   -15.0    -8.8    -9.1     0.0     8.23 C    -2.2   -16.7   -10.8    88.3    66.3    79.5 -99.000 -99.000 -99.000 -99.000   0.218    -4.6    -4.2    -3.2    -1.3     1.3
54933 20170118  2.422  -99.13   45.71     2.7    -6.8    -2.0    -1.9     0.0     8.09 C    -0.2    -9.9    -5.4    79.9    49.4    66.7 -99.000 -99.000 -99.000 -99.000   0.219    -3.8    -3.6    -3.0    -1.3     1.1
54933 20170119  2.422  -99.13   45.71     0.3    -8.0    -3.8    -3.2     0.0     6.75 C    -0.1   -11.2    -4.9    96.2    68.9    90.2 -99.000 -99.000 -99.000 -99.000   0.218    -3.3    -3.1    -2.6    -1.3     1.0
54933 20170120  2.422  -99.13   45.71     0.3    -4.3    -2.0    -0.5     0.0     2.59 C     0.2    -5.0    -0.6    96.8    86.0    95.7 -99.000 -99.000 -99.000 -99.000   0.218    -2.5    -2.5    -2.2    -1.1     1.0
54933 20170121  2.422  -99.13   45.71    -0.9    -5.7    -3.3    -3.2     0.0     4.29 C     0.0    -7.5    -2.7    95.4    84.5    89.4 -99.000 -99.000 -99.000 -99.000   0.219    -2.0    -2.0    -1.9    -1.0     1.0
54933 20170122  2.422  -99.13   45.71    -1.9    -5.4    -3.7    -3.4     0.0     2.95 C    -2.0    -5.2    -3.2    95.7    86.6    93.1 -99.000 -99.000 -99.000 -99.000   0.220    -1.9    -1.8    -1.6    -0.8     1.0
54933 20170123  2.422  -99.13   45.71    -1.9    -3.9    -2.9    -3.3     1.3     3.29 C    -0.5    -3.7    -2.8    94.2    83.1    90.7 -99.000 -99.000 -99.000 -99.000   0.219    -1.7    -1.7    -1.5    -0.7     1.1
54933 20170124  2.422  -99.13   45.71    -3.6    -6.4    -5.0    -4.9     1.3     3.52 C    -3.7    -6.4    -4.8    94.2    86.1    89.8 -99.000 -99.000 -99.000 -99.000   0.219    -1.6    -1.6    -1.4    -0.6     1.1
54933 20170125  2.422  -99.13   45.71    -6.2    -8.5    -7.3    -7.2     0.6     4.76 C    -4.8    -8.7    -6.9    90.3    83.8    87.0 -99.000 -99.000 -99.000 -99.000   0.219    -1.7    -1.6    -1.3    -0.5     1.1
54933 20170126  2.422  -99.13   45.71    -8.5   -14.5   -11.5   -10.9     0.0     6.18 C    -6.8   -16.7   -11.3    87.4    76.4    83.0 -99.000 -99.000 -99.000 -99.000   0.219    -1.8    -1.6    -1.3    -0.4     1.2
54933 20170127  2.422  -99.13   45.71    -2.8   -12.4    -7.6    -6.1     0.0     8.29 C    -3.0   -14.4    -7.6    86.9    77.1    83.2 -99.000 -99.000 -99.000 -99.000   0.220    -2.2    -1.9    -1.4    -0.4     1.2
54933 20170128  2.422  -99.13   45.71     0.5    -6.2    -2.8    -2.8     0.0     5.60 C    -0.1    -8.1    -4.1    92.9    82.4    86.5 -99.000 -99.000 -99.000 -99.000   0.219    -2.1    -1.9    -1.5    -0.4     1.2
54933 20170129  2.422  -99.13   45.71     1.3    -3.9    -1.3    -0.8     0.0     5.92 C     0.3    -7.6    -2.3    95.3    81.9    88.6 -99.000 -99.000 -99.000 -99.000   0.219    -1.7    -1.6    -1.3    -0.4     1.2
54933 20170130  2.422  -99.13   45.71     3.1    -2.4     0.4     0.9     0.0     8.18 C     0.8    -3.8    -1.2    86.3    64.1    77.2 -99.000 -99.000 -99.000 -99.000   0.220    -1.3    -1.3    -1.1    -0.3     1.2
54933 20170131  2.422  -99.13   45.71    -0.5    -7.7    -4.1    -4.1     0.0     6.96 C    -0.8    -8.6    -4.8    88.6    76.9    82.2 -99.000 -99.000 -99.000 -99.000   0.215    -1.0    -1.1    -0.9    -0.2     1.2
54933 20170201  2.422  -99.13   45.71    -7.6   -16.0   -11.8   -13.2     0.0     9.96 C    -7.4   -16.6   -12.8    84.0    60.5    73.8 -99.000 -99.000 -99.000 -99.000   0.207    -1.5    -1.3    -0.9    -0.2     1.2
54933 20170202  2.422  -99.13   45.71   -13.5   -20.5   -17.0   -16.4     0.0    10.35 C   -11.2   -21.5   -16.5    81.2    62.6    73.9 -99.000 -99.000 -99.000 -99.000   0.207    -2.8    -2.2    -1.3    -0.2     1.3
54933 20170203  2.422  -99.13   45.71    -9.8   -22.2   -16.0   -15.9     0.0    10.65 C    -7.7   -22.8   -16.0    84.6    66.6    77.8 -99.000 -99.000 -99.000 -99.000   0.206    -4.1    -3.3    -2.0    -0.4     1.3
54933 20170204  2.422  -99.13   45.71    -6.7   -15.0   -10.9   -10.0     0.2     6.44 C    -2.6   -17.1   -10.3    89.3    78.2    84.3 -99.000 -99.000 -99.000 -99.000   0.219    -4.0    -3.5    -2.4    -0.7     1.2
54933 20170205  2.422  -99.13   45.71    -9.0   -15.0   -12.0   -12.2     0.0     9.77 C    -7.5   -17.1   -12.2    87.9    71.1    79.7 -99.000 -99.000 -99.000 -99.000   0.218    -4.0    -3.5    -2.6    -0.9     1.1
54933 20170206  2.422  -99.13   45.71    -9.8   -13.2   -11.5   -11.8     0.0     6.83 C    -8.0   -14.5   -11.9    88.7    79.4    85.1 -99.000 -99.000 -99.000 -99.000   0.218    -4.1    -3.7    -2.7    -1.1     0.9
54933 20170207  2.422  -99.13   45.71   -12.9   -21.3   -17.1   -17.0     0.6     9.41 C   -12.7   -23.7   -17.0    83.3    73.1    77.7 -99.000 -99.000 -99.000 -99.000   0.219    -4.4    -3.9    -2.9    -1.3     0.8
54933 20170208  2.422  -99.13   45.71   -17.1   -24.3   -20.7   -20.9     0.0     7.79 C   -15.4   -26.9   -21.9    78.6    69.4    75.8 -99.000 -99.000 -99.000 -99.000   0.252    -5.4    -4.7    -3.3    -1.5     0.7
54933 20170209  2.422  -99.13   45.71    -6.7   -22.4   -14.5   -14.4     1.7    10.47 C    -7.2   -26.6   -15.8    86.7    65.0    75.5 -99.000 -99.000 -99.000 -99.000   0.263    -5.9    -5.3    -3.9    -1.8     0.6
54933 20170210  2.422  -99.13   45.71     4.2    -9.5    -2.7    -0.4     0.0     9.78 C     1.9   -10.6    -2.7    88.0    68.5    78.7 -99.000 -99.000 -99.000 -99.000   0.263    -4.6    -4.4    -3.8    -2.0     0.4
54933 20170211  2.422  -99.13   45.71     3.5    -2.2     0.6     1.9     0.0     4.72 C     3.6    -4.1    -0.2    88.7    65.8    78.7 -99.000 -99.000 -99.000 -99.000   0.264    -2.3    -2.5    -2.4    -1.6     0.3
54933 20170212  2.422  -99.13   45.71     0.5    -6.8    -3.1    -2.6     0.0    12.06 C     3.2    -8.0    -3.3    82.1    64.1    75.1 -99.000 -99.000 -99.000 -99.000   0.262    -1.3    -1.4    -1.3    -0.8     0.4
54933 20170213  2.422  -99.13   45.71     1.5    -4.5    -1.5    -1.4     0.0    11.47 C     3.9    -6.7    -2.3    84.7    65.0    75.9 -99.000 -99.000 -99.000 -99.000   0.262    -1.1    -1.1    -1.0    -0.6     0.5
54933 20170214  2.422  -99.13   45.71     1.0    -5.9    -2.5    -2.7     0.0    11.94 C     4.3    -7.6    -2.9    88.9    74.7    83.5 -99.000 -99.000 -99.000 -99.000   0.263    -0.8    -0.9    -0.8    -0.4     0.6
54933 20170215  2.422  -99.13   45.71     5.1    -7.3    -1.1    -0.5     0.0    12.10 C     7.7    -9.4    -2.1    93.8    65.3    82.7 -99.000 -99.000 -99.000 -99.000   0.244    -0.8    -0.8    -0.7    -0.3     0.6
54933 20170216  2.422  -99.13   45.71     8.1    -1.2     3.4     3.4     0.0    12.00 C    10.7    -3.8     1.4    86.9    42.9    68.5 -99.000 -99.000 -99.000 -99.000   0.218    -0.5    -0.5    -0.4    -0.2     0.7
54933 20170217  2.422  -99.13   45.71     8.7    -1.8     3.4     4.8     0.0    12.23 C     8.7    -5.5     1.5    81.9    37.9    64.4 -99.000 -99.000 -99.000 -99.000   0.218    -0.3    -0.4    -0.3    -0.1     0.8
54933 20170218  2.422  -99.13   45.71     9.5    -1.0     4.2     3.3     0.0     8.22 C    13.5    -4.8     2.0    92.0    61.3    81.2 -99.000 -99.000 -99.000 -99.000   0.218    -0.2    -0.3    -0.3     0.0     0.8
54933 20170219  2.422  -99.13   45.71    12.6     1.1     6.9     5.9     0.0    10.40 C    12.4     0.0     4.7    92.2    65.4    83.9 -99.000 -99.000 -99.000 -99.000   0.218    -0.2    -0.3    -0.3     0.0     0.9
54933 20170220  2.422  -99.13   45.71     8.9     1.5     5.2     4.9     0.3     7.39 C     9.9    -2.8     3.8    95.8    77.3    88.7 -99.000 -99.000 -99.000 -99.000   0.219    -0.2    -0.3    -0.2     0.0     0.9
54933 20170221  2.422  -99.13   45.71    15.0     0.0     7.5     6.7     0.0    11.05 C    21.0    -1.7     5.7    86.8    40.2    66.5 -99.000 -99.000 -99.000 -99.000   0.219    -0.2    -0.3    -0.2     0.1     1.0
54933 20170222  2.422  -99.13   45.71     6.5    -4.3     1.1     1.3     0.0     5.11 C    13.0    -6.9     0.9    92.9    65.7    84.1 -99.000 -99.000 -99.000 -99.000   0.213    -0.2    -0.3    -0.2     0.1     1.0
54933 20170223  2.422  -99.13   45.71    -1.7    -6.8    -4.3    -3.9     0.0     3.50 C     1.1    -9.2    -3.9    92.0    69.5    82.9 -99.000 -99.000 -99.000 -99.000   0.206    -0.2    -0.3    -0.2     0.2     1.1
54933 20170224  2.422  -99.13   45.71    -2.2   -10.3    -6.2    -6.6     0.0    12.85 C     4.4   -13.3    -5.7    85.6    45.9    72.0 -99.000 -99.000 -99.000   0.223   0.206    -0.2    -0.3    -0.2     0.2     1.2
54933 20170225  2.422  -99.13   45.71     2.2   -10.7    -4.3    -4.8     0.0     9.87 C     9.5   -14.2    -5.1    91.8    40.5    74.2 -99.000 -99.000 -99.000   0.219   0.206    -0.2    -0.3    -0.2     0.2     1.2
54933 20170226  2.422  -99.13   45.71    -0.1   -12.6    -6.4    -5.5     0.3     8.94 C    12.1   -14.3    -3.9    93.6    59.4    81.6 -99.000 -99.000 -99.000   0.215   0.206    -0.2    -0.3    -0.2     0.2     1.2
54933 20170227  2.422  -99.13   45.71     3.0    -8.6    -2.8    -4.0     0.0    12.09 C    16.4    -8.8    -1.6    92.1    48.2    80.5 -99.000 -99.000 -99.000   0.212   0.208    -0.2    -0.3    -0.2     0.2     1.2
54933 20170228  2.422  -99.13   45.71    -0.2    -9.3    -4.8    -5.2     0.0    11.62 C     8.9    -9.8    -3.2    90.2    57.3    75.8 -99.000 -99.000 -99.000   0.210   0.208    -0.3    -0.3    -0.2     0.2     1.2
54933 20170301  2.422  -99.13   45.71    -2.8   -11.1    -6.9    -6.7     0.0    11.34 C     5.8   -13.4    -5.3    90.9    51.4    76.1 -99.000 -99.000 -99.000   0.208   0.209    -0.4    -0.3    -0.2     0.3     1.3
54933 20170302  2.422  -99.13   45.71    -5.0   -12.1    -8.6    -8.9     1.5     9.92 C     6.5   -14.0    -7.5    89.7    64.5    79.8 -99.000 -99.000 -99.000   0.207   0.208    -0.4    -0.3    -0.2     0.3     1.3

